LeastSquaresMethods =

   0.999999996787553   1.000000001037689   1.000000000996603   1.000000000996608   1.000000000996607   1.000000000996608
   0.000000350916732  -0.000000426525960  -0.000000422742768  -0.000000422743080  -0.000000422743364  -0.000000422743090
  -8.000003028795119  -7.999981225479934  -7.999981235691345  -7.999981235685203  -7.999981235676154  -7.999981235684716
  -0.000077893877909  -0.000317425649726  -0.000318763174192  -0.000318763231287  -0.000318763346323  -0.000318763237912
  10.668084035612900  10.669411140597621  10.669430795558023  10.669430795858052  10.669430796641096  10.669430795902734
  -0.009615585352545  -0.013695419352547  -0.013820286728296  -0.013820287698367  -0.013820290914619  -0.013820287873982
  -5.654480747960067  -5.647518455098814  -5.647075630417310  -5.647075628404193  -5.647075619959385  -5.647075627971106
  -0.068885958631546  -0.074362540368604  -0.075316019359204  -0.075316022079922  -0.075316036589419  -0.075316022772098
   1.693354534665567   1.692331412818159   1.693606958189665   1.693606960559036   1.693606976803618   1.693606961276897
   0.001461547101732   0.007068808893883   0.006032112337315   0.006032111063859   0.006032099645104   0.006032110596673
  -0.370576739064076  -0.374710650596597  -0.374241704837825  -0.374241704456940  -0.374241699881279  -0.374241704283244
   0.087095866530693   0.088131160246938   0.088040576307572   0.088040576259675   0.088040575462356   0.088040576231470

