>> A = [3 1 4; 1 5 9;2 6 5 ;3 5 8]

>> [U, S, V] = svd(A)

U =

   -0.268    0.770    0.348   -0.463
   -0.607   -0.068   -0.729   -0.309
   -0.462   -0.605    0.571   -0.309
   -0.588    0.193    0.146    0.772


S =

    16.787        0         0
         0    2.925         0
         0        0     2.376
         0        0         0


V =

   -0.244    0.551    0.798
   -0.537   -0.762    0.362
   -0.807    0.340   -0.482