INFnorm =

   1.0e+06 *

   0.000001000000000
   0.000001000000000
   0.000001250000000
   0.000001625000000
   0.000002171875000
   0.000002992187500
   0.000004263671875
   0.000006293945312
   0.000009619323730
   0.000015183441162
   0.000024660987854 **
   0.000041047313690
          ...
   1.101613471025511
   2.084293323946562