G =

     0     0     1     0     0
     1     0     1     1     0
     1     1     0     0     1
     1     0     0     0     0
     0     0     0     1     0

A =

    0.0300    0.0300    0.4550    0.0300    0.0300
    0.3133    0.0300    0.4550    0.4550    0.0300
    0.3133    0.8800    0.0300    0.0300    0.8800
    0.3133    0.0300    0.0300    0.0300    0.0300
    0.0300    0.0300    0.0300    0.4550    0.0300

PageRank =

    0.1909
    0.2807
    0.3786
    0.0841
    0.0657
