eigenVectors =

  Columns 1 through 3

  1.000000000000000 + 0.000000000000000i  1.000000000000000 + 0.000000000000000i  1.000000000000000 + 0.000000000000000i
  1.000000000000000 + 0.000000000000000i  1.000000000000000 + 0.000000000000005i  1.000000000000000 + 0.000000000000010i
  1.000000000000000 + 0.000000000000000i  1.000000000000000 + 0.000000000000010i  1.000000000000000 + 0.000000000000020i
  1.000000000000000 + 0.000000000000000i  1.000000000000000 + 0.000000000000043i  1.000000000000000 + 0.000000000000086i
  1.000000000000000 + 0.000000000000000i  1.000000000000000 + 0.000000000000020i  1.000000000000000 + 0.000000000000039i
  1.000000000000000 + 0.000000000000000i  1.000000000000000 - 0.000000000000004i  1.000000000000000 - 0.000000000000008i
  1.000000000000000 + 0.000000000000000i  1.000000000000000 + 0.000000000000086i  1.000000000000000 + 0.000000000000172i
  1.000000000000000 + 0.000000000000000i  1.000000000000000 + 0.000000000000063i  1.000000000000000 + 0.000000000000125i
  1.000000000000000 + 0.000000000000000i  1.000000000000000 + 0.000000000000039i  1.000000000000000 + 0.000000000000078i
  1.000000000000000 + 0.000000000000000i  1.000000000000000 + 0.000000000000016i  1.000000000000000 + 0.000000000000031i
  1.000000000000000 + 0.000000000000000i  1.000000000000000 - 0.000000000000008i  1.000000000000000 - 0.000000000000016i
  1.000000000000000 + 0.000000000000000i  1.000000000000000 + 0.000000000000196i  1.000000000000000 + 0.000000000000392i
  1.000000000000000 + 0.000000000000000i  1.000000000000000 + 0.000000000000172i  1.000000000000000 + 0.000000000000345i
  1.000000000000000 + 0.000000000000000i  1.000000000000000 - 0.000000000000078i  1.000000000000000 - 0.000000000000157i
  1.000000000000000 + 0.000000000000000i  1.000000000000000 + 0.000000000000125i  1.000000000000000 + 0.000000000000251i
  1.000000000000000 + 0.000000000000000i  1.000000000000000 + 0.000000000000102i  1.000000000000000 + 0.000000000000204i
  1.000000000000000 + 0.000000000000000i  1.000000000000000 + 0.000000000000078i  1.000000000000000 + 0.000000000000157i
  1.000000000000000 + 0.000000000000000i  1.000000000000000 + 0.000000000000055i  1.000000000000000 + 0.000000000000110i
  1.000000000000000 + 0.000000000000000i  1.000000000000000 + 0.000000000000031i  1.000000000000000 + 0.000000000000063i
  1.000000000000000 + 0.000000000000000i  1.000000000000000 + 0.000000000000008i  1.000000000000000 + 0.000000000000016i

  Columns 4 through 5

  1.000000000000000 + 0.000000000000000i  1.000000000000000 + 0.000000000000000i
  1.000000000000000 + 0.000000000000043i  1.000000000000000 + 0.000000000000020i
  1.000000000000000 + 0.000000000000086i  1.000000000000000 + 0.000000000000039i
  1.000000000000000 + 0.000000000000016i  1.000000000000000 + 0.000000000000172i
  1.000000000000000 + 0.000000000000172i  1.000000000000000 + 0.000000000000078i
  1.000000000000000 + 0.000000000000102i  1.000000000000000 - 0.000000000000016i
  1.000000000000000 + 0.000000000000031i  1.000000000000000 + 0.000000000000345i
  1.000000000000000 - 0.000000000000039i  1.000000000000000 + 0.000000000000251i
  1.000000000000000 + 0.000000000000345i  1.000000000000000 + 0.000000000000157i
  1.000000000000000 + 0.000000000000274i  1.000000000000000 + 0.000000000000063i
  1.000000000000000 + 0.000000000000204i  1.000000000000000 - 0.000000000000031i
  1.000000000000000 - 0.000000000000322i  1.000000000000000 + 0.000000000000784i
  1.000000000000000 + 0.000000000000063i  1.000000000000000 + 0.000000000000690i
  1.000000000000000 + 0.000000000000447i  1.000000000000000 - 0.000000000000314i
  1.000000000000000 - 0.000000000000078i  1.000000000000000 + 0.000000000000502i
  1.000000000000000 + 0.000000000000306i  1.000000000000000 + 0.000000000000408i
  1.000000000000000 + 0.000000000000690i  1.000000000000000 + 0.000000000000314i
  1.000000000000000 + 0.000000000000165i  1.000000000000000 + 0.000000000000219i
  1.000000000000000 + 0.000000000000549i  1.000000000000000 + 0.000000000000125i
  1.000000000000000 + 0.000000000000933i  1.000000000000000 + 0.000000000000031i