
>> A = magic(5)

A =

    17    24     1     8    15
    23     5     7    14    16
     4     6    13    20    22
    10    12    19    21     3
    11    18    25     2     9

>> b = [1 ; 2; 3; 4; 5]

b =

     1
     2
     3
     4
     5

>> x1 = inhousesolve(A,b)

x1 =

    0.0128
    0.0128
    0.1795
    0.0128
    0.0128

>> x = A\b

x =

    0.0128
    0.0128
    0.1795
    0.0128
    0.0128

>> norm(x1 - x)

ans =

   1.1526e-16