>> S = magic(4);, S = S'*S

S =

   378   206   212   360
   206   370   368   212
   212   368   370   206
   360   212   206   378

>> T = hessen(S, false)

T =

  378.0000 -465.8111         0         0
 -465.8111  812.7462  234.3551         0
         0  234.3551  302.4527  -14.2396
         0         0  -14.2396    2.8011

%%%%%%%%%%%%%%%%%%%%%%%%%%%%%%%%%%%%%%%%%%%%%%%%%%%%%%%%
>> eigT = eig(T)

eigT =

   1.0e+03 *

   1.156000000000001
   0.320000000000000
   0.020000000000000
  -0.000000000000000

>> eigS = eig(S)

eigS =

   1.0e+03 *

  -0.000000000000000
   0.020000000000000
   0.320000000000000
   1.156000000000000

%%%%%%%%%%%%%%%%%%%%%%%%%%%%%%%%%%%%%%%%%%%%%%%%%%%%%%%%
>> norm(sort(eigS) - sort(eigT))
ans =
     1.080123035699853e-12
